"","week.id","doc.count","sum.eps","psi","ave.eps","week","eventness"
"1",0,35,1.242393,8.19681,0.0354969428571429,1973-01-01,0.290961696180857
"2",1,20,0.709471,8.204347,0.03547355,1973-01-08,0.29103731352185
"3",2,6,0.212752,8.204515,0.0354586666666667,1973-01-15,0.290921162546667
"4",3,4,0.141902,8.204696,0.0354755,1973-01-22,0.291065692948
"5",4,5,0.177508,8.205014,0.0355016,1973-01-29,0.2912911250224
"6",5,9,0.319222,8.20561,0.0354691111111111,1973-02-05,0.291045692824444
"7",6,3,0.106378,8.206055,0.0354593333333333,1973-02-12,0.290981239596667
"8",7,3,0.10645,8.206876,0.0354833333333333,1973-02-19,0.291207316733333
"9",8,40,1.418659,8.20829,0.035466475,1973-02-26,0.29111911207775
"10",9,985,34.934036,8.209436,0.0354660263959391,1973-03-05,0.291156073871773
"11",10,3232,114.629267,8.21034,0.0354669761757426,1973-03-12,0.291195933174746
"12",11,2510,89.018429,8.210138,0.035465509561753,1973-03-19,0.291176727742312
"13",12,3398,120.512288,8.209906,0.0354656527369041,1973-03-26,0.291169675198625
"14",13,3409,120.892018,8.209564,0.0354626042827809,1973-04-02,0.291132519466164
"15",14,3420,121.263505,8.209488,0.0354571652046784,1973-04-09,0.291085172261825
"16",15,3024,107.211265,8.208805,0.0354534606481481,1973-04-16,0.291030545035822
"17",16,2476,87.777949,8.208621,0.0354515141357028,1973-04-23,0.291008043416126
"18",17,1994,70.69011,8.208781,0.035451409227683,1973-04-30,0.291012854491429
"19",18,2982,105.706508,8.208589,0.0354481918175721,1973-05-07,0.290979637423612
"20",19,3337,118.27219,8.208572,0.0354426700629308,1973-05-14,0.290933709083812
"21",20,2362,83.714734,8.20783,0.0354423090601185,1973-05-21,0.290904447572913
"22",21,1232,43.662474,8.207595,0.0354403198051948,1973-05-28,0.290879791631518
"23",22,645,22.856044,8.208784,0.0354357271317829,1973-06-04,0.290884229907746
"24",23,978,34.650185,8.210207,0.0354296370143149,1973-06-11,0.290884653822388
"25",24,2804,99.351831,8.211599,0.0354321793865906,1973-06-18,0.290954848818748
"26",25,3086,109.978188,8.21244,0.0356377796500324,1973-06-25,0.292673127109112
"27",26,3519,126.588502,8.212805,0.0359728621767548,1973-07-02,0.295438102349562
"28",27,4406,156.108133,8.21281,0.0354308064003631,1973-07-09,0.290986481112966
"29",28,4621,163.857159,8.211797,0.035459242371781,1973-07-16,0.291184100130864
"30",29,3803,134.633438,8.210539,0.0354019032342887,1973-07-23,0.290668707179354
"31",30,4452,157.607069,8.209826,0.035401408131177,1973-07-30,0.290639400911948
"32",31,4258,150.76342,8.208599,0.0354070972287459,1973-08-06,0.290642662904786
"33",32,4138,146.439269,8.207732,0.0353889001933301,1973-08-13,0.290462608561602
"34",33,4419,156.388256,8.206614,0.0353899651504865,1973-08-20,0.290431783463495
"35",34,4714,166.788017,8.205643,0.0353814206618583,1973-08-27,0.290327306784033
"36",35,3648,129.188661,8.205014,0.0354135583881579,1973-09-03,0.290568742364653
"37",36,5052,178.986249,8.206198,0.0354287903800475,1973-09-10,0.290735668759165
"38",37,4926,174.178045,8.206399,0.0353589210312627,1973-09-17,0.290169414192033
"39",38,5279,187.323018,8.207096,0.0354845648797121,1973-09-24,0.291225230486025
"40",39,4996,176.627314,8.208443,0.0353537457966373,1973-10-01,0.290199207208187
"41",40,4083,144.65017,8.209211,0.0354274234631398,1973-10-08,0.290831194395266
"42",41,5098,180.943464,8.210259,0.0354930294233033,1973-10-15,0.29140696425994
"43",42,4067,144.215888,8.211294,0.035460016719941,1973-10-22,0.291172622532351
"44",43,4336,153.389577,8.212885,0.0353758249538745,1973-10-29,0.290537582126302
"45",44,5020,177.425888,8.213747,0.0353438023904382,1973-11-05,0.290305050853055
"46",45,4921,173.867693,8.214135,0.0353317807356228,1973-11-12,0.290220016752805
"47",46,4294,151.673444,8.214234,0.0353221807172799,1973-11-19,0.290144657802025
"48",47,4793,169.146505,8.214321,0.0352903202587106,1973-11-26,0.289886018797852
"49",48,4974,175.494818,8.214889,0.035282432247688,1973-12-03,0.289841264564777
"50",49,4438,156.503369,8.214649,0.0352643913925191,1973-12-10,0.289684597488166
"51",50,4764,167.932348,8.214675,0.0352502829554996,1973-12-17,0.289569618137468
"52",51,2289,80.685022,8.215447,0.0352490266491918,1973-12-24,0.289586510238023
"53",52,3165,111.553225,8.217389,0.0352458846761453,1973-12-31,0.289629145033025
"54",53,6130,216.26605,8.220849,0.035279942903752,1974-01-07,0.290031083340367
"55",54,6706,236.241367,8.222761,0.0352283577393379,1974-01-14,0.289674366113076
"56",55,6854,242.891821,8.224387,0.0354379662970528,1974-01-21,0.291455549319919
"57",56,7349,259.453506,8.226141,0.0353046000816438,1974-01-28,0.290420618220213
"58",57,7085,250.264499,8.227407,0.0353231473535639,1974-02-04,0.290617909798743
"59",58,7317,257.487093,8.22934,0.0351902546125461,1974-02-11,0.28959256989321
"60",59,5706,200.596859,8.230836,0.0351554256922538,1974-02-18,0.289358543383127
"61",60,7235,254.20748,8.23325,0.035135795438839,1974-02-25,0.289281787796821
"62",61,7212,253.313868,8.234824,0.0351239417637271,1974-03-04,0.289239478610542
"63",62,7477,263.122741,8.236251,0.0351909510498863,1974-03-11,0.289841505775577
"64",63,7374,258.549865,8.238042,0.0350623630322756,1974-03-18,0.288845219279133
"65",64,7857,275.481366,8.23938,0.0350619022527682,1974-03-25,0.288888336183414
"66",65,7686,269.345533,8.240606,0.0350436550871715,1974-04-01,0.288780954373276
"67",66,7354,257.60226,8.241647,0.0350288632036987,1974-04-08,0.288695525336174
"68",67,7106,249.09197,8.242851,0.0350537531663383,1974-04-15,0.288942864340905
"69",68,7499,263.093559,8.243822,0.035083819042539,1974-04-22,0.289224759266902
"70",69,7131,250.94035,8.24578,0.0351900645070818,1974-04-29,0.290169530111205
"71",70,7824,276.063207,8.247999,0.0352841522239264,1974-05-06,0.291023652258793
"72",71,7660,268.198702,8.253164,0.0350128853785901,1974-05-13,0.288967085142706
"73",72,7703,269.651254,8.258379,0.0350060046735038,1974-05-20,0.289092853869566
"74",73,6670,233.287631,8.263878,0.0349756568215892,1974-05-27,0.289034560943481
"75",74,7697,269.499583,8.269196,0.035013587501624,1974-06-03,0.289534217714079
"76",75,7964,278.414946,8.268939,0.0349591845806128,1974-06-10,0.289075364786827
"77",76,7394,258.181954,8.266101,0.0349177649445496,1974-06-17,0.288633771725907
"78",77,7548,263.593017,8.265941,0.0349222333068362,1974-06-24,0.288665120102543
"79",78,6066,214.184384,8.268156,0.0353089983514672,1974-07-01,0.291940306573674
"80",79,7411,258.878749,8.272545,0.0349316892457158,1974-07-08,0.2889739712112
"81",80,7512,263.816611,8.274739,0.0351193571618743,1974-07-15,0.290603514362291
"82",81,7393,259.334142,8.27743,0.0350783365345597,1974-07-22,0.290358475181261
"83",82,7148,249.962098,8.279193,0.0349695156687185,1974-07-29,0.289519369337845
"84",83,6934,242.507478,8.281024,0.0349736772425728,1974-08-05,0.289617860613999
"85",84,6829,239.062654,8.282874,0.0350069781812857,1974-08-12,0.289958389396339
"86",85,7139,249.993467,8.284538,0.0350179950973526,1974-08-19,0.290107911067831
"87",86,7225,252.664958,8.286757,0.0349709284429066,1974-08-26,0.289795586070755
"88",87,6122,214.297221,8.288014,0.0350044464227377,1974-09-02,0.2901173420139
"89",88,7871,275.450527,8.289872,0.0349956202515564,1974-09-09,0.29010921244601
"90",89,7333,256.474599,8.291142,0.0349753987453975,1974-09-16,0.289985997504713
"91",90,7554,263.841024,8.292786,0.0349273264495631,1974-09-23,0.289644843798367
"92",91,7219,252.40761,8.293464,0.0349643454772129,1974-09-30,0.289975540498828
"93",92,7848,274.609605,8.295076,0.0349910301987768,1974-10-07,0.290253254817148
"94",93,6362,222.029721,8.296505,0.0348993588494184,1974-10-14,0.289542705190994
"95",94,8110,282.877085,8.298129,0.0348800351418002,1974-10-21,0.289439031131192
"96",95,6794,236.817477,8.299183,0.0348568556078893,1974-10-28,0.28928342349445
"97",96,8017,279.646355,8.300896,0.0348816708244979,1974-11-04,0.289549121820392
"98",97,7563,263.673642,8.301066,0.0348636310987703,1974-11-11,0.289405302750545
"99",98,7792,271.730452,8.302143,0.0348730046201232,1974-11-18,0.289520671195923
"100",99,6427,223.714504,8.303382,0.0348085427104403,1974-11-25,0.289028626988101
"101",100,6929,241.256319,8.305572,0.0348183459373647,1974-12-02,0.28918627910369
"102",101,6821,237.326602,8.306302,0.0347935203049406,1974-12-09,0.289005487295969
"103",102,6620,230.304693,8.307343,0.0347892285498489,1974-12-16,0.289006054268988
"104",103,4015,139.633953,8.308688,0.0347780704856787,1974-12-23,0.288960136907513
"105",104,4332,150.646966,8.31158,0.0347753845798707,1974-12-30,0.289038390966362
"106",105,6720,233.956488,8.314234,0.0348149535714286,1975-01-06,0.289459670691993
"107",106,7436,258.607674,8.316356,0.0347777937062937,1975-01-13,0.289224513356098
"108",107,7379,256.533873,8.318577,0.0347653981569318,1975-01-20,0.289198641504096
"109",108,8006,278.689249,8.32091,0.0348100485885586,1975-01-27,0.289651281401023
"110",109,8153,284.03419,8.321757,0.0348379970562983,1975-02-03,0.28991334586923
"111",110,8540,297.392408,8.32362,0.0348234669789227,1975-02-10,0.289857306215101
"112",111,6762,235.409012,8.325353,0.0348135184856551,1975-02-17,0.289834830565104
"113",112,8215,285.916407,8.328164,0.0348041883140596,1975-02-24,0.289854988166372
"114",113,8804,306.173304,8.330271,0.0347766133575647,1975-03-03,0.289698613730734
"115",114,8837,307.16736,8.331889,0.034759235034514,1975-03-10,0.289610088032482
"116",115,8312,288.55117,8.334446,0.034715010827719,1975-03-17,0.289330383133039
"117",116,7782,270.318141,8.339019,0.034736332690825,1975-03-24,0.289666938299111
"118",117,7917,275.920653,8.343281,0.0348516676771504,1975-03-31,0.290777256749083
"119",118,8297,292.297511,8.346052,0.0352293010726769,1975-04-07,0.294025578676217
"120",119,8801,312.896694,8.345799,0.0355524024542666,1975-04-14,0.296713204850415
"121",120,8635,307.42844,8.347549,0.0356025987261147,1975-04-21,0.29719443739358
"122",121,8317,293.385292,8.349347,0.0352753747745581,1975-04-28,0.294526344547833
"123",122,8305,290.058149,8.351418,0.034925725346177,1975-05-05,0.291679331319119
"124",123,8673,300.964297,8.352015,0.0347012910181022,1975-05-12,0.289825703102554
"125",124,8879,308.212009,8.353445,0.0347124686338552,1975-05-19,0.289968697547134
"126",125,7123,246.949764,8.355378,0.0346693477467359,1975-05-26,0.289675505437427
"127",126,8253,286.204992,8.358471,0.0346789036713922,1975-06-02,0.289862610649125
"128",127,8366,289.940112,8.361442,0.0346569581639971,1975-06-09,0.289782145584689
"129",128,8475,293.492137,8.363054,0.0346303406489676,1975-06-16,0.289615408885711
"130",129,8151,282.195418,8.365415,0.0346209566924304,1975-06-23,0.289618670429207
"131",130,6901,238.815036,8.36683,0.0346058594406608,1975-06-30,0.289541342943904
"132",131,8031,278.16412,8.370471,0.0346362993400573,1975-07-07,0.289922139173269
"133",132,7671,265.529243,8.374552,0.0346146842654152,1975-07-14,0.289882473344301
"134",133,7965,275.87519,8.378355,0.034635930947897,1975-07-21,0.290192125236968
"135",134,8419,291.140152,8.381791,0.0345813222472978,1975-07-28,0.2898534155805
"136",135,7690,265.682564,8.385315,0.0345490980494148,1975-08-04,0.289705070110229
"137",136,7678,265.138351,8.388861,0.0345322155509247,1975-08-11,0.289685956278746
"138",137,8129,280.688085,8.391961,0.03452922684217,1975-08-18,0.289767925019644
"139",138,8038,277.725967,8.394599,0.0345516256531476,1975-08-25,0.290047042156287
"140",139,7321,253.613982,8.395512,0.0346419863406638,1975-09-01,0.290837212026879
"141",140,8380,290.792557,8.396905,0.0347007824582339,1975-09-08,0.291379173727456
"142",141,8247,285.65707,8.400325,0.0346376949193646,1975-09-15,0.290967894573512
"143",142,8384,290.423514,8.404235,0.0346402092080153,1975-09-22,0.291124458633324
"144",143,8923,308.492156,8.407207,0.0345726948335762,1975-09-29,0.290659802013705
"145",144,8767,303.712542,8.410539,0.0346426989848295,1975-10-06,0.291363770877169
"146",145,7278,252.536404,8.413039,0.0346985990656774,1975-10-13,0.291920667184907
"147",146,9161,317.194935,8.416994,0.0346244880471564,1975-10-20,0.291434108145987
"148",147,7419,256.186163,8.420366,0.0345310908478232,1975-10-27,0.290764423317921
"149",148,8836,304.67618,8.425219,0.0344812335898597,1975-11-03,0.290511944384724
"150",149,9168,315.892868,8.42853,0.0344560283595113,1975-11-10,0.290413668708992
"151",150,8467,291.572781,8.429018,0.0344363742766033,1975-11-17,0.290264818632226
"152",151,6643,230.507007,8.427106,0.0346992333283155,1975-11-24,0.292414117376448
"153",152,6706,237.606975,8.430138,0.0354319974649568,1975-12-01,0.298696628245236
"154",153,6547,226.992825,8.433469,0.0346712731021842,1975-12-08,0.292399106897804
"155",154,7761,266.968981,8.435571,0.0343987863677361,1975-12-15,0.29017340471887
"156",155,4517,155.290199,8.437959,0.0343790566747842,1975-12-22,0.290089070680505
"157",156,5111,175.646647,8.442352,0.0343663954216396,1975-12-29,0.29013320712067
"158",157,7207,247.813066,8.44688,0.03438505147773,1976-01-05,0.290446403626208
"159",158,7934,272.449037,8.450311,0.0343394299218553,1976-01-12,0.290178862402383
"160",159,8444,289.796861,8.45331,0.0343198556371388,1976-01-19,0.290116378855982
"161",160,8477,290.966899,8.455895,0.0343242773386811,1976-01-26,0.290242485126767
"162",161,8667,298.153648,8.458217,0.0344010208838122,1976-02-02,0.290971299656815
"163",162,8984,308.727609,8.464041,0.0343641595057881,1976-02-09,0.29085965498753
"164",163,7796,267.409073,8.471022,0.0343008046434069,1976-02-16,0.290562870752002
"165",164,9128,313.097832,8.475397,0.0343008141980719,1976-02-23,0.290713017751896
"166",165,8542,293.409969,8.477187,0.0343490949426364,1976-03-01,0.291183701109483
"167",166,8689,297.68508,8.475597,0.0342599930947175,1976-03-08,0.290373894693608
"168",167,8100,278.090408,8.475364,0.0343321491358025,1976-03-15,0.290977460828211
"169",168,6683,228.996616,8.479027,0.0342655418225348,1976-03-22,0.290538454282902
"170",169,7124,243.632182,8.483761,0.034198790286356,1976-03-29,0.290134363278566
"171",170,8648,295.575341,8.486723,0.0341784621877891,1976-04-05,0.29006314115374
"172",171,8871,303.25115,8.489115,0.0341845507834517,1976-04-12,0.290196582824062
"173",172,8753,301.355677,8.490587,0.0344288446247001,1976-04-19,0.292321100595499
"174",173,9638,329.756873,8.495038,0.0342142428927163,1976-04-26,0.290651293514855
"175",174,9161,312.778918,8.497608,0.0341424427464251,1976-05-03,0.290129094621564
"176",175,8941,305.830062,8.497992,0.0342053530924952,1976-05-10,0.2906768169372
"177",176,8800,300.546489,8.499726,0.0341530101136364,1976-05-17,0.290291228041138
"178",177,6403,220.260253,8.503303,0.0343995397469936,1976-05-24,0.29250970952923
"179",178,5536,189.371291,8.510672,0.0342072418713873,1976-05-31,0.291126615592043
"180",179,6561,224.149934,8.517462,0.0341639893308947,1976-06-07,0.290990480894301
"181",180,6957,239.636477,8.520337,0.0344453754491879,1976-06-14,0.293486206918607
"182",181,6841,235.927056,8.521029,0.0344872176582371,1976-06-21,0.29386658179515
"183",182,6633,229.591035,8.522985,0.0346134531886024,1976-06-28,0.295009942324661
"184",183,7044,239.742293,8.52818,0.0340349649346962,1976-07-05,0.290256307256777
"185",184,8356,284.215839,8.53262,0.0340133842747726,1976-07-12,0.29022328293061
"186",185,8020,272.397077,8.533773,0.0339647228179551,1976-07-19,0.289847234536349
"187",186,8240,279.792783,8.536216,0.0339554348300971,1976-07-26,0.289850926083632
"188",187,8188,277.954771,8.541153,0.0339466012457255,1976-08-02,0.289943115069732
"189",188,7596,257.995924,8.541778,0.0339647082675092,1976-08-09,0.290118997855828
"190",189,7321,248.207337,8.545434,0.0339034745253381,1976-08-16,0.289719903926958
"191",190,7451,252.664106,8.547562,0.0339100934102805,1976-08-23,0.289848625850164
"192",191,8162,276.900544,8.550765,0.0339255751041411,1976-08-30,0.290089620205361
"193",192,6596,224.171048,8.553562,0.033985907822923,1976-09-06,0.290700569689657
"194",193,8999,304.941594,8.558151,0.0338861644627181,1976-09-13,0.290002912282775
"195",194,8543,289.328239,8.56129,0.0338672877209411,1976-09-20,0.289947671692416
"196",195,8326,281.976108,8.562559,0.0338669358635599,1976-09-27,0.289987636480948
"197",196,8229,279.474127,8.565862,0.0339621007412808,1976-10-04,0.290914668179909
"198",197,6754,229.272349,8.568575,0.0339461576843352,1976-10-11,0.290870198080052
"199",198,8083,273.143446,8.576892,0.0337923352715576,1976-10-18,0.28983321005194
"200",199,6652,224.659101,8.583707,0.033773166115454,1976-10-25,0.289898962397385
"201",200,8210,277.396443,8.590735,0.0337876300852619,1976-11-01,0.290260576340512
"202",201,8185,276.214219,8.59683,0.0337463920586439,1976-11-08,0.290111995641511
"203",202,8050,271.432657,8.603565,0.0337183424844721,1976-11-15,0.290097951257417
"204",203,6859,230.923956,8.609501,0.0336672920250765,1976-11-22,0.289858584357188
"205",204,7767,261.46226,8.615056,0.0336632238959701,1976-11-29,0.290010559004321
"206",205,7356,247.385586,8.619781,0.0336304494290375,1976-12-06,0.289887109009878
"207",206,6596,221.65996,8.623562,0.0336052092177077,1976-12-13,0.289796605211874
"208",207,4970,167.297718,8.629474,0.0336615126760563,1976-12-20,0.290481148438699
"209",208,3919,131.47236,8.636752,0.0335474253636132,1976-12-27,0.289740793104037
"210",209,5500,184.393825,8.645348,0.03352615,1977-01-03,0.2898452338502
"211",210,6499,219.154927,8.65284,0.0337213305123865,1977-01-10,0.291785277510799
"212",211,6897,230.830256,8.661942,0.0334682116862404,1977-01-17,0.289899708469937
"213",212,7289,243.731088,8.670003,0.0334382066127041,1977-01-24,0.289909351646764
"214",213,7491,250.700939,8.6791,0.0334669522093178,1977-01-31,0.290463024919891
"215",214,7605,253.987278,8.688664,0.0333974067061144,1977-02-07,0.290178845340775
"216",215,7708,257.257055,8.69727,0.0333753314737935,1977-02-14,0.29027426916708
"217",216,6250,208.257614,8.705752,0.03332121824,1977-02-21,0.290086262335316
"218",217,7917,263.399381,8.714693,0.0332700999115827,1977-02-28,0.28993870680877
"219",218,7860,261.265937,8.722656,0.0332399410941476,1977-03-07,0.289940571624513
"220",219,8128,270.569309,8.731902,0.033288546875,1977-03-14,0.290672329034906
"221",220,7854,260.892306,8.741972,0.0332177624140565,1977-03-21,0.290388748926335
"222",221,8401,279.765465,8.749838,0.0333014480418998,1977-03-28,0.29138227553204
"223",222,7563,250.409769,8.760803,0.0331098464894883,1977-04-04,0.290068842454649
"224",223,7275,240.741382,8.770682,0.0330915989003436,1977-04-11,0.290235890826464
"225",224,8006,264.545489,8.783046,0.0330434035723208,1977-04-18,0.290221733572258
"226",225,8156,269.368264,8.795129,0.0330270063756744,1977-04-25,0.290476781557878
"227",226,8336,275.099702,8.803026,0.0330014037907869,1977-05-02,0.290512215606796
"228",227,8436,278.078726,8.812403,0.0329633387861546,1977-05-09,0.290486225609125
"229",228,8022,264.368995,8.82182,0.032955496758913,1977-05-16,0.290727460417714
"230",229,8234,271.47971,8.830973,0.0329705744474132,1977-05-23,0.291162252739596
"231",230,6226,204.633889,8.84141,0.0328676339543848,1977-05-30,0.290596227520638
"232",231,7510,246.501834,8.85321,0.0328231470039947,1977-06-06,0.290590213287236
"233",232,7329,240.394004,8.862035,0.0328003825897121,1977-06-13,0.290678138523419
"234",233,7509,245.980897,8.871999,0.0327581431615395,1977-06-20,0.290630213371035
"235",234,7397,242.319581,8.882257,0.0327591700689469,1977-06-27,0.290975367659094
"236",235,6390,209.273693,8.894233,0.0327501866979656,1977-07-04,0.291287791285206
"237",236,7427,243.849314,8.904359,0.0328328145953952,1977-07-11,0.292355168137838
"238",237,7562,246.93339,8.916729,0.032654508066649,1977-07-18,0.291171399058623
"239",238,7780,253.793968,8.927849,0.0326213326478149,1977-07-25,0.291238332058462
"240",239,7879,257.201407,8.937179,0.0326439150907476,1977-08-01,0.291744512426812
"241",240,7704,250.690729,8.949034,0.032540333463136,1977-08-08,0.291204550532942
"242",241,7213,234.670012,8.959574,0.0325343147095522,1977-08-15,0.291493600179521
"243",242,7651,248.401863,8.972357,0.0324665877663051,1977-08-22,0.291301816011122
"244",243,8121,263.525285,8.985117,0.0324498565447605,1977-08-29,0.291565757687889
"245",244,6315,205.331385,8.996181,0.0325148669833729,1977-09-05,0.292509628573347
"246",245,7766,251.642236,9.011425,0.0324030692763327,1977-09-12,0.291997828553477
"247",246,8314,268.312637,9.022313,0.032272388381044,1977-09-19,0.291171589231342
"248",247,7780,252.128722,9.032114,0.0324072907455013,1977-09-26,0.292706344444513
"249",248,7830,253.774049,9.04648,0.0324104787994891,1977-10-03,0.293200748250003
"250",249,6938,222.919011,9.061204,0.0321301543672528,1977-10-10,0.291137883273169
"251",250,8266,265.302106,9.073541,0.0320955850471812,1977-10-17,0.291220606844586
"252",251,7090,227.302799,9.08685,0.032059633145275,1977-10-24,0.291321077446142
"253",252,7993,257.027375,9.099695,0.032156558864006,1977-10-31,0.292614877912001
"254",253,8018,257.760999,9.116692,0.03214779234223,1977-11-07,0.293081521264069
"255",254,8638,276.580721,9.133602,0.0320190693447557,1977-11-14,0.2924494358054
"256",255,6925,220.596023,9.153231,0.0318550213718412,1977-11-21,0.291576369126399
"257",256,8310,264.697308,9.167355,0.0318528649819495,1977-11-28,0.292006521056599
"258",257,8652,274.685057,9.183888,0.0317481573046694,1977-12-05,0.291571520892466
"259",258,7952,252.197581,9.195507,0.0317149875503018,1977-12-12,0.291635390023713
"260",259,7737,245.026461,9.208366,0.0316694404808065,1977-12-19,0.291623798962482
"261",260,5240,165.98062,9.222909,0.0316756908396947,1977-12-26,0.292142014126637
"262",261,5985,189.507151,9.240193,0.0316636843776107,1978-01-02,0.292578554740208
"263",262,7634,240.57096,9.261014,0.0315130940529211,1978-01-09,0.291843205207419
"264",263,7986,250.989667,9.279266,0.0314287086150764,1978-01-16,0.291635347275785
"265",264,8151,255.858725,9.296326,0.0313898570727518,1978-01-23,0.291810344441707
"266",265,8590,269.194748,9.316584,0.0313381545983702,1978-01-30,0.291964549720702
"267",266,8062,252.267253,9.333527,0.0312909021334656,1978-02-06,0.292054479917059
"268",267,8856,276.108007,9.356723,0.0311775075654923,1978-02-13,0.291719302120716
"269",268,7215,224.516686,9.380037,0.0311180437976438,1978-02-20,0.291888402189519
"270",269,8349,259.451642,9.404605,0.0310757745837825,1978-02-27,0.292255385029514
"271",270,8561,265.278602,9.426638,0.0309868709262937,1978-03-06,0.292102014974895
"272",271,8562,264.858611,9.447514,0.0309341989021257,1978-03-13,0.292251277206617
"273",272,8195,253.322021,9.467258,0.0309117780353874,1978-03-20,0.292649777899746
"274",273,8129,250.470936,9.4902,0.0308120231270759,1978-03-27,0.292412261880576
"275",274,8326,256.556372,9.513732,0.0308138808551525,1978-04-03,0.293155004335852
"276",275,8430,258.715294,9.540749,0.0306898332147094,1978-04-10,0.292803995553405
"277",276,8795,270.366915,9.563764,0.030740979533826,1978-04-17,0.293999473390342
"278",277,8422,256.84796,9.591344,0.0304972643077654,1978-04-24,0.2925097530347
"279",278,7338,223.178694,9.615247,0.030414103843009,1978-05-01,0.292439120734181
"280",279,8146,247.790926,9.638582,0.0304187240363369,1978-05-08,0.293193365959604
"281",280,8225,249.508292,9.665509,0.0303353546504559,1978-05-15,0.293206643392174
"282",281,8050,243.014207,9.696936,0.0301881002484472,1978-05-22,0.292732076070777
"283",282,6554,197.169731,9.721663,0.0300838771742447,1978-05-29,0.2924653156214
"284",283,8338,250.207109,9.753837,0.0300080485727992,1978-06-05,0.292693614467166
"285",284,7949,237.780417,9.784712,0.0299132490879356,1978-06-12,0.292692527309712
"286",285,7586,226.376502,9.808017,0.0298413527550751,1978-06-19,0.292684495124774
"287",286,7552,224.612412,9.836858,0.0297421096398305,1978-06-26,0.292568909147444
