9.016264e-01
9.979724e-01
8.898937e-01
5.211655e-01
7.023296e-01
7.239821e-01
7.079148e-01
6.318337e-01
7.067275e-01
8.594928e-01
6.903234e-01
1.098635e+00
1.150584e+00
1.288886e+00
1.329386e+00
1.321281e+00
1.287485e+00
1.016083e+00
9.302805e-01
7.036627e-01
8.034109e-01
7.276750e-01
4.561962e-01
1.000000e+00
1.000000e+00
1.139216e+00
1.062873e+00
1.114738e+00
1.331707e+00
9.139130e-01
1.349890e+00
1.483239e+00
8.089529e-01
6.548056e-01
7.130511e-01
8.207929e-01
5.221614e-01
1.012221e+00
1.220659e+00
5.998227e-01
1.004569e+00
1.033267e+00
1.119703e+00
1.017235e+00
8.786007e-01
9.858197e-01
7.609487e-01
6.496925e-01
7.835878e-01
4.641036e-01
1.009650e+00
8.334992e-01
8.694373e-01
6.621309e-01
7.388532e-01
7.926815e-01
5.227528e-01
5.056585e-01
5.608461e-01
5.860021e-01
4.256384e-01
4.739177e-01
3.520609e-01
3.890597e-01
2.076636e-01
2.627032e-01
3.609397e-01
1.821765e-01
2.507715e-01
2.812492e-01
2.025128e-01
2.065818e-01
2.085741e-01
2.181020e-01
2.001934e-01
2.568563e-01
3.232737e-01
2.111744e-01
2.075995e-01
2.636959e-01
2.753387e-01
1.965688e-01
2.600201e-01
2.912404e-01
2.040000e-01
2.123014e-01
2.171756e-01
2.142780e-01
2.069395e-01
2.579705e-01
2.959968e-01
2.094750e-01
2.151809e-01
2.252820e-01
2.242717e-01
2.086490e-01
2.605801e-01
2.940848e-01
2.033304e-01
2.138872e-01
2.209135e-01
2.123191e-01
2.078133e-01
2.488355e-01
2.931803e-01
2.128506e-01
2.123225e-01
2.250589e-01
2.053823e-01
2.279931e-01
2.517265e-01
2.615509e-01
2.251262e-01
2.122653e-01
1.912419e-01
2.153376e-01
2.466841e-01
2.863057e-01
3.087453e-01
2.098488e-01
2.696332e-01
2.173005e-01
2.421600e-01
1.963010e-01
2.467267e-01
2.838015e-01
2.042828e-01
1.954577e-01
2.132879e-01
2.000195e-01
1.829837e-01
2.489766e-01
2.948392e-01
1.919776e-01
2.148475e-01
2.298018e-01
2.273934e-01
2.165751e-01
2.748465e-01
2.971326e-01
2.864547e-01
2.245135e-01
2.532696e-01
2.273161e-01
3.041552e-01
3.092792e-01
2.852874e-01
3.361381e-01
2.709573e-01
2.438930e-01
2.868056e-01
2.883794e-01
4.424678e-01
5.045735e-01
4.851643e-01
2.591767e-01
3.268469e-01
4.357160e-01
2.303283e-01
3.531726e-01
6.485710e-01
2.856499e-01
2.420527e-01
3.081621e-01
2.735625e-01
1.988175e-01
2.715201e-01
3.125570e-01
2.141546e-01
2.281526e-01
2.353363e-01
2.463695e-01
2.202107e-01
2.880161e-01
3.189251e-01
2.310068e-01
2.486725e-01
2.508085e-01
2.485815e-01
3.034523e-01
2.748543e-01
3.533430e-01
2.893809e-01
2.265933e-01
3.902478e-01
3.245225e-01
3.934783e-01
3.456779e-01
3.768163e-01
3.342642e-01
3.039787e-01
3.252397e-01
3.518073e-01
2.916147e-01
3.250099e-01
3.706827e-01
2.969670e-01
3.052588e-01
3.145005e-01
3.137509e-01
3.074230e-01
3.702300e-01
4.066253e-01
3.519867e-01
3.537815e-01
3.575035e-01
4.162911e-01
3.394997e-01
3.446752e-01
3.788663e-01
3.313542e-01
3.230157e-01
3.246150e-01
3.437188e-01
3.276881e-01
3.466763e-01
3.855393e-01
3.369722e-01
3.260171e-01
3.349147e-01
3.470370e-01
3.300380e-01
3.525370e-01
3.932055e-01
3.232471e-01
3.274072e-01
3.374390e-01
3.319854e-01
3.155514e-01
3.395115e-01
3.844538e-01
3.059164e-01
3.135470e-01
3.245908e-01
3.032678e-01
2.894618e-01
3.444361e-01
3.831290e-01
3.061464e-01
3.197600e-01
3.276381e-01
3.267144e-01
3.269771e-01
3.054991e-01
3.071841e-01
3.446441e-01
2.650728e-01
2.750792e-01
2.869764e-01
2.630899e-01
2.782812e-01
3.096124e-01
2.419310e-01
2.377619e-01
2.467220e-01
2.368085e-01
2.212087e-01
2.702078e-01
3.002496e-01
2.460230e-01
2.467813e-01
2.515639e-01
2.631247e-01
2.480341e-01
2.997932e-01
3.419162e-01
2.616566e-01
2.739232e-01
2.879481e-01
3.128694e-01
2.885177e-01
3.244732e-01
3.563599e-01
2.824247e-01
2.931401e-01
2.904436e-01
2.806528e-01
2.885304e-01
3.457342e-01
3.329788e-01
3.390664e-01
3.097378e-01
2.986675e-01
3.073509e-01
2.969336e-01
3.124984e-01
3.579168e-01
2.899015e-01
2.955937e-01
3.169438e-01
2.997264e-01
3.275941e-01
3.230023e-01
3.366412e-01
3.304880e-01
2.984126e-01
2.956073e-01
2.939183e-01
2.729042e-01
3.329642e-01
3.471952e-01
3.162181e-01
3.185705e-01
2.896117e-01
3.119404e-01
2.885641e-01
2.955798e-01
3.219367e-01
2.796284e-01
2.736259e-01
2.688683e-01
2.862981e-01
2.725836e-01
2.858338e-01
3.422260e-01
2.833204e-01
2.835086e-01
2.833287e-01
2.932011e-01
3.046562e-01
3.344732e-01
3.753310e-01
3.078328e-01
3.105219e-01
3.201776e-01
3.797967e-01
3.082850e-01
3.748147e-01
3.869836e-01
3.252270e-01
3.528300e-01
3.092194e-01
3.213029e-01
2.982586e-01
3.299554e-01
3.543449e-01
3.073025e-01
3.043790e-01
3.255598e-01
3.128532e-01
3.028823e-01
3.205657e-01
3.731025e-01
2.950587e-01
3.012028e-01
3.059501e-01
3.105733e-01
2.834544e-01
3.045407e-01
3.267141e-01
2.741583e-01
2.714238e-01
2.718039e-01
2.606816e-01
2.738894e-01
3.556418e-01
3.593972e-01
3.477179e-01
3.874832e-01
3.356336e-01
3.190708e-01
3.438398e-01
4.877881e-01
3.308969e-01
3.326262e-01
3.591306e-01
2.978240e-01
3.122673e-01
3.033269e-01
3.132772e-01
3.377258e-01
2.809287e-01
2.764988e-01
2.780993e-01
2.887125e-01
2.602265e-01
2.975134e-01
3.410410e-01
2.719453e-01
2.734866e-01
2.815819e-01
2.819790e-01
2.773366e-01
3.058302e-01
3.304054e-01
2.812471e-01
2.827345e-01
2.892686e-01
2.922512e-01
2.786384e-01
3.029760e-01
3.425110e-01
2.777992e-01
2.767096e-01
2.936312e-01
2.942354e-01
2.775478e-01
3.185393e-01
3.547681e-01
2.826687e-01
2.888966e-01
2.945596e-01
2.895630e-01
2.854309e-01
3.075347e-01
3.380375e-01
2.775799e-01
2.767614e-01
2.818413e-01
2.827982e-01
2.599121e-01
3.026103e-01
3.074370e-01
3.327433e-01
2.775124e-01
2.725447e-01
2.813544e-01
2.771088e-01
3.100724e-01
3.523619e-01
2.946768e-01
2.882760e-01
3.019151e-01
3.042743e-01
2.969721e-01
3.284885e-01
3.635892e-01
3.013560e-01
3.076395e-01
3.149408e-01
3.126481e-01
3.117839e-01
3.280103e-01
3.621180e-01
3.072171e-01
3.027656e-01
3.102885e-01
3.111396e-01
3.060995e-01
3.358946e-01
3.767057e-01
3.068922e-01
3.094792e-01
3.192265e-01
3.177392e-01
3.027462e-01
3.177151e-01
3.562224e-01
2.890592e-01
2.929665e-01
3.002520e-01
3.089766e-01
2.958175e-01
3.114344e-01
3.467600e-01
2.808821e-01
2.866196e-01
2.944613e-01
2.931482e-01
2.903383e-01
3.247646e-01
3.577597e-01
2.890763e-01
3.022423e-01
3.054966e-01
3.191737e-01
3.203332e-01
3.139062e-01
3.419752e-01
3.009645e-01
2.912316e-01
2.951678e-01
2.962967e-01
2.866607e-01
3.293547e-01
3.554446e-01
3.065639e-01
2.991938e-01
3.033842e-01
3.230374e-01
2.920783e-01
3.084184e-01
3.494161e-01
2.814211e-01
2.819370e-01
2.960902e-01
2.949666e-01
2.804582e-01
3.013484e-01
3.368294e-01
2.766747e-01
2.711203e-01
2.830290e-01
2.872720e-01
2.747176e-01
3.223851e-01
3.517270e-01
2.855469e-01
2.927503e-01
2.986764e-01
3.093554e-01
2.956991e-01
3.089023e-01
3.397002e-01
2.831579e-01
2.893541e-01
2.875097e-01
3.024271e-01
2.970084e-01
3.074771e-01
3.294409e-01
3.536191e-01
2.939254e-01
3.087512e-01
3.192315e-01
3.118664e-01
3.165385e-01
3.439908e-01
3.078228e-01
3.020115e-01
3.096288e-01
3.182428e-01
3.066079e-01
3.203838e-01
3.578506e-01
3.027816e-01
2.981938e-01
3.120896e-01
3.211797e-01
3.003639e-01
3.231572e-01
3.593470e-01
3.028142e-01
3.041873e-01
3.106804e-01
3.154382e-01
3.104618e-01
3.216513e-01
3.602097e-01
2.960666e-01
3.069247e-01
3.126249e-01
3.223253e-01
3.170486e-01
3.423287e-01
3.722323e-01
3.250401e-01
3.186079e-01
3.239292e-01
4.328422e-01
3.110899e-01
3.234694e-01
3.514422e-01
2.990124e-01
2.875593e-01
2.955643e-01
3.006851e-01
2.821265e-01
3.138455e-01
3.332063e-01
2.835003e-01
2.827997e-01
2.657380e-01
2.791513e-01
2.711663e-01
2.638095e-01
2.986831e-01
2.721258e-01
2.676560e-01
2.798350e-01
2.755026e-01
2.613113e-01
3.081994e-01
3.304580e-01
2.875660e-01
2.976063e-01
2.923760e-01
3.167441e-01
2.938952e-01
3.251551e-01
3.531823e-01
3.050147e-01
2.976150e-01
2.932279e-01
3.190771e-01
2.966110e-01
2.984192e-01
3.422396e-01
2.972050e-01
2.947744e-01
3.026464e-01
3.146755e-01
2.957644e-01
3.171283e-01
3.507328e-01
2.888485e-01
2.926354e-01
3.042958e-01
3.103920e-01
2.951765e-01
3.177459e-01
3.407330e-01
2.849710e-01
2.868375e-01
2.890508e-01
2.937544e-01
2.877797e-01
2.898263e-01
2.930039e-01
3.192302e-01
2.630037e-01
2.613488e-01
2.871364e-01
2.695093e-01
2.998809e-01
3.260293e-01
2.642254e-01
2.767181e-01
2.763628e-01
2.854614e-01
2.780380e-01
3.088601e-01
3.173084e-01
2.784100e-01
2.789013e-01
2.811362e-01
2.924432e-01
2.723392e-01
3.007815e-01
3.290576e-01
2.658767e-01
2.779201e-01
2.766826e-01
2.881692e-01
2.788070e-01
3.086575e-01
3.490287e-01
2.768362e-01
2.817642e-01
3.010662e-01
3.254903e-01
2.934597e-01
2.950172e-01
3.309816e-01
2.774488e-01
2.762939e-01
2.677342e-01
2.726941e-01
2.683855e-01
2.847894e-01
3.011518e-01
3.365795e-01
2.742287e-01
2.854138e-01
2.962473e-01
2.796678e-01
2.942713e-01
3.346275e-01
2.676014e-01
2.732956e-01
2.792574e-01
2.835751e-01
2.726911e-01
2.885368e-01
3.030199e-01
3.195317e-01
2.680679e-01
2.645286e-01
2.696348e-01
2.635731e-01
2.690547e-01
3.171567e-01
2.690789e-01
2.728280e-01
2.831099e-01
2.844728e-01
2.940736e-01
2.992822e-01
3.351173e-01
2.907949e-01
2.903810e-01
2.936711e-01
2.947120e-01
2.893447e-01
3.035738e-01
3.336433e-01
2.750841e-01
2.729012e-01
2.810622e-01
2.842668e-01
2.749140e-01
2.862993e-01
3.273104e-01
2.798498e-01
2.806487e-01
2.817800e-01
3.544042e-01
2.810040e-01
3.253395e-01
3.425417e-01
2.975902e-01
2.907543e-01
3.034613e-01
3.295124e-01
3.014627e-01
3.169030e-01
3.496596e-01
3.039996e-01
2.850287e-01
2.894034e-01
3.005280e-01
2.900787e-01
3.209332e-01
3.475365e-01
2.999743e-01
2.931832e-01
3.026022e-01
3.102398e-01
2.872760e-01
3.422600e-01
4.236495e-01
3.009562e-01
3.201729e-01
4.043671e-01
3.409187e-01
3.032316e-01
3.340972e-01
3.967792e-01
3.008389e-01
3.117516e-01
3.838434e-01
3.189826e-01
2.977191e-01
3.252879e-01
3.469979e-01
2.985994e-01
2.903275e-01
2.901201e-01
3.011061e-01
2.813509e-01
3.158166e-01
3.529283e-01
2.849578e-01
2.906097e-01
3.012202e-01
3.042993e-01
2.914236e-01
3.117819e-01
3.472868e-01
2.870552e-01
2.843729e-01
2.888887e-01
2.902861e-01
2.743128e-01
3.073782e-01
3.374156e-01
2.801125e-01
2.813922e-01
2.851155e-01
2.919873e-01
2.786510e-01
2.944561e-01
3.410921e-01
2.799350e-01
2.791072e-01
2.890341e-01
2.913993e-01
2.805747e-01
2.982409e-01
3.300329e-01
2.656765e-01
2.673130e-01
2.707285e-01
2.687826e-01
2.689325e-01
2.764287e-01
3.169172e-01
3.263183e-01
2.796822e-01
2.876076e-01
2.829053e-01
2.840907e-01
3.121541e-01
3.532621e-01
2.848636e-01
2.904798e-01
2.983357e-01
3.056158e-01
2.867445e-01
3.114448e-01
3.476987e-01
2.894774e-01
2.866388e-01
2.932738e-01
2.989736e-01
2.903628e-01
2.994888e-01
3.388710e-01
2.832358e-01
2.867945e-01
2.892559e-01
3.010584e-01
2.933715e-01
3.116515e-01
3.458540e-01
2.910528e-01
2.920680e-01
2.941831e-01
2.957959e-01
2.995895e-01
3.066752e-01
3.447298e-01
2.960463e-01
2.988254e-01
3.035684e-01
3.028716e-01
3.123940e-01
3.078486e-01
3.416604e-01
2.906238e-01
2.911057e-01
2.942556e-01
3.018938e-01
2.854716e-01
3.128493e-01
3.468195e-01
2.967092e-01
2.966979e-01
3.026437e-01
3.143227e-01
2.951063e-01
3.030345e-01
3.369503e-01
2.861212e-01
2.862054e-01
2.874317e-01
3.058864e-01
2.947026e-01
3.084534e-01
3.432656e-01
2.895240e-01
2.830690e-01
2.887405e-01
2.988795e-01
2.772671e-01
2.862225e-01
3.075604e-01
2.792527e-01
2.865896e-01
2.939749e-01
2.957737e-01
2.865120e-01
2.989562e-01
3.320214e-01
2.869942e-01
2.881432e-01
2.904612e-01
3.094895e-01
2.825718e-01
2.976275e-01
3.350140e-01
2.766119e-01
2.820244e-01
2.872931e-01
2.879879e-01
2.886586e-01
2.947838e-01
3.281268e-01
2.781856e-01
2.743634e-01
2.832587e-01
2.879271e-01
2.994440e-01
2.972514e-01
2.960690e-01
3.257402e-01
2.746012e-01
2.771243e-01
2.832945e-01
2.782265e-01
2.949074e-01
3.396885e-01
2.873695e-01
2.882294e-01
2.947833e-01
3.049748e-01
2.939613e-01
3.029447e-01
3.375458e-01
2.808321e-01
2.856009e-01
2.859479e-01
2.927075e-01
2.798446e-01
3.042261e-01
3.385220e-01
2.804068e-01
2.808182e-01
2.840353e-01
3.055338e-01
2.895513e-01
3.086229e-01
3.475155e-01
2.836806e-01
2.872130e-01
2.924046e-01
3.052213e-01
2.842905e-01
2.709406e-01
3.444546e-01
2.689660e-01
2.903210e-01
2.932878e-01
2.942025e-01
3.179926e-01
3.081546e-01
3.394893e-01
2.863243e-01
2.760080e-01
2.830914e-01
2.742879e-01
2.737241e-01
2.866851e-01
3.471934e-01
2.932653e-01
2.872778e-01
2.937888e-01
3.144859e-01
2.919158e-01
3.103482e-01
3.406056e-01
2.895078e-01
2.835602e-01
2.842245e-01
2.996509e-01
2.788560e-01
2.606928e-01
3.018242e-01
2.523052e-01
2.448268e-01
2.537252e-01
2.515979e-01
2.352009e-01
2.749082e-01
3.123796e-01
2.480858e-01
2.608478e-01
2.664221e-01
2.639962e-01
2.745085e-01
2.937665e-01
3.350147e-01
2.708911e-01
2.686898e-01
2.785369e-01
2.802958e-01
2.766677e-01
2.915380e-01
3.172805e-01
2.660770e-01
2.666951e-01
2.630715e-01
2.842865e-01
2.613433e-01
2.646315e-01
3.075213e-01
2.511690e-01
2.493237e-01
2.528902e-01
2.568930e-01
2.477757e-01
2.727747e-01
2.818968e-01
2.549719e-01
2.521593e-01
2.533626e-01
2.463293e-01
2.397518e-01
2.845068e-01
3.255379e-01
2.547345e-01
2.590737e-01
2.711691e-01
2.733905e-01
2.599466e-01
2.882921e-01
3.227797e-01
2.616488e-01
2.596592e-01
2.693755e-01
2.734932e-01
2.578864e-01
2.781352e-01
3.088442e-01
2.520197e-01
2.530717e-01
2.578713e-01
2.673097e-01
2.528429e-01
2.828881e-01
3.105400e-01
2.533390e-01
2.562672e-01
2.635444e-01
2.767109e-01
2.673408e-01
2.811500e-01
3.215239e-01
2.629336e-01
2.639961e-01
2.703748e-01
2.799414e-01
2.705978e-01
2.836268e-01
2.919987e-01
3.074302e-01
2.485332e-01
2.593884e-01
2.719046e-01
2.432281e-01
2.656796e-01
3.028484e-01
2.443365e-01
2.551091e-01
2.548503e-01
2.635311e-01
2.717244e-01
2.771834e-01
2.899652e-01
2.897472e-01
2.553144e-01
2.589034e-01
2.655067e-01
2.759128e-01
2.803913e-01
3.120760e-01
2.630681e-01
2.537172e-01
2.615077e-01
2.748231e-01
2.536552e-01
2.695893e-01
3.047183e-01
2.517927e-01
2.577232e-01
2.611968e-01
2.764241e-01
2.675942e-01
2.783509e-01
3.334185e-01
2.703966e-01
2.757629e-01
2.875593e-01
2.894425e-01
2.853478e-01
3.400492e-01
3.850478e-01
3.098737e-01
3.302377e-01
3.555046e-01
5.406693e-01
4.172946e-01
4.412222e-01
4.748099e-01
4.145385e-01
3.975480e-01
4.104658e-01
4.319977e-01
4.113139e-01
3.952107e-01
4.353156e-01
3.815167e-01
3.528520e-01
3.728094e-01
3.824224e-01
3.485877e-01
2.972111e-01
3.203795e-01
2.919342e-01
2.558016e-01
2.681894e-01
2.849913e-01
2.661241e-01
3.021015e-01
3.362863e-01
2.728878e-01
2.836497e-01
2.841249e-01
3.875923e-01
2.839203e-01
2.817164e-01
3.141348e-01
2.658085e-01
2.538180e-01
2.681965e-01
3.577675e-01
2.422371e-01
2.557465e-01
3.101858e-01
2.616925e-01
2.646078e-01
2.651120e-01
2.686842e-01
2.698924e-01
2.962806e-01
3.265812e-01
2.717419e-01
2.736549e-01
2.781200e-01
2.846077e-01
2.811075e-01
2.898362e-01
3.300861e-01
2.737645e-01
2.755122e-01
2.781357e-01
2.858604e-01
2.762889e-01
2.905160e-01
3.242461e-01
2.691557e-01
2.639929e-01
2.693713e-01
2.734962e-01
2.535653e-01
2.750148e-01
3.066194e-01
2.437802e-01
2.479472e-01
2.615910e-01
2.661900e-01
2.568679e-01
2.678954e-01
3.000283e-01
2.421617e-01
2.473722e-01
2.473533e-01
2.490835e-01
2.399704e-01
2.516913e-01
2.813354e-01
2.838278e-01
2.460776e-01
2.473736e-01
2.560373e-01
2.505900e-01
2.639829e-01
3.017728e-01
2.511508e-01
2.512054e-01
2.581343e-01
2.593063e-01
2.619666e-01
2.719548e-01
3.357988e-01
2.746911e-01
2.712737e-01
2.874319e-01
2.883077e-01
2.857907e-01
3.105860e-01
3.527803e-01
2.929971e-01
2.978597e-01
2.998986e-01
3.121612e-01
3.241367e-01
3.518699e-01
4.168063e-01
3.493530e-01
3.600951e-01
3.887835e-01
4.246807e-01
4.482649e-01
4.794075e-01
4.909633e-01
4.274347e-01
4.239892e-01
4.161670e-01
4.166092e-01
3.961349e-01
3.978134e-01
4.177660e-01
3.790852e-01
3.563178e-01
3.485473e-01
3.685089e-01
3.174327e-01
3.035925e-01
3.442117e-01
3.062062e-01
2.822040e-01
2.954136e-01
3.017949e-01
2.960238e-01
3.117771e-01
3.458748e-01
2.968734e-01
2.912987e-01
2.944885e-01
2.981042e-01
2.988941e-01
2.911777e-01
3.184676e-01
2.923109e-01
2.771057e-01
2.714969e-01
2.881749e-01
2.926810e-01
3.024105e-01
3.248162e-01
2.883672e-01
2.816580e-01
2.802019e-01
3.009081e-01
2.868620e-01
3.015611e-01
3.205974e-01
3.052900e-01
2.938768e-01
3.057408e-01
3.247736e-01
3.008015e-01
3.118432e-01
3.127629e-01
2.946005e-01
2.968029e-01
3.025112e-01
3.169967e-01
3.126227e-01
3.365212e-01
3.641815e-01
3.092867e-01
3.111604e-01
3.087117e-01
3.384788e-01
3.422945e-01
3.698412e-01
4.598846e-01
3.748720e-01
3.809792e-01
4.677982e-01
4.386669e-01
4.316714e-01
4.770348e-01
4.749675e-01
5.020040e-01
4.282052e-01
4.399246e-01
4.318716e-01
4.450585e-01
4.565665e-01
5.089947e-01
4.403298e-01
4.232576e-01
4.436296e-01
4.504231e-01
4.299274e-01
4.529883e-01
4.399928e-01
4.153415e-01
4.097521e-01
4.096432e-01
4.354837e-01
4.198469e-01
4.302555e-01
4.746679e-01
4.009963e-01
4.096261e-01
3.988311e-01
4.063829e-01
3.999201e-01
4.187028e-01
4.097728e-01
3.775715e-01
3.811284e-01
3.673147e-01
3.708071e-01
3.645261e-01
2.852162e-01
2.995453e-01
3.259909e-01
2.732706e-01
2.786694e-01
2.964356e-01
2.776243e-01
2.906069e-01
3.299922e-01
2.715679e-01
2.739537e-01
2.832944e-01
2.852098e-01
2.869647e-01
3.075783e-01
3.222540e-01
2.893430e-01
2.825291e-01
2.850264e-01
3.033631e-01
2.820006e-01
2.959899e-01
3.257024e-01
2.823789e-01
2.814365e-01
2.915063e-01
2.803102e-01
2.907331e-01
2.993705e-01
3.242908e-01
2.808699e-01
2.766629e-01
2.953588e-01
2.953701e-01
2.904277e-01
3.142792e-01
3.482307e-01
2.913954e-01
2.948826e-01
2.945336e-01
3.082498e-01
2.917758e-01
3.111098e-01
3.401578e-01
2.813567e-01
2.861857e-01
2.879490e-01
2.820460e-01
2.910889e-01
2.994362e-01
3.288276e-01
2.767387e-01
2.718350e-01
2.827629e-01
2.910655e-01
2.773232e-01
3.068917e-01
3.301904e-01
2.802347e-01
2.742479e-01
2.799523e-01
2.833819e-01
2.887288e-01
2.743915e-01
2.914136e-01
3.169738e-01
2.683384e-01
2.726837e-01
2.734019e-01
2.655333e-01
2.805392e-01
3.090008e-01
2.603591e-01
2.587045e-01
2.645011e-01
2.730287e-01
2.629132e-01
2.844251e-01
3.004614e-01
2.592547e-01
2.642251e-01
2.657672e-01
2.704457e-01
2.688977e-01
2.900860e-01
3.287220e-01
2.681948e-01
2.716772e-01
2.733914e-01
2.801578e-01
2.762450e-01
2.918901e-01
3.281400e-01
2.674809e-01
2.662591e-01
2.804453e-01
2.741574e-01
2.786171e-01
2.995863e-01
3.071647e-01
3.275897e-01
2.692629e-01
2.793518e-01
2.767537e-01
2.707989e-01
2.918597e-01
3.259986e-01
2.648121e-01
2.685287e-01
2.719084e-01
2.754226e-01
2.868662e-01
3.066800e-01
3.085118e-01
3.267201e-01
2.736876e-01
2.795435e-01
2.865264e-01
2.723285e-01
2.880690e-01
3.216878e-01
2.648652e-01
2.590033e-01
2.687971e-01
2.667403e-01
2.586622e-01
2.781164e-01
3.116708e-01
2.696669e-01
2.706679e-01
2.778115e-01
2.861753e-01
2.770551e-01
2.977129e-01
3.340624e-01
2.767767e-01
2.787813e-01
2.791069e-01
3.033039e-01
2.873510e-01
3.142197e-01
3.337859e-01
2.839827e-01
2.846386e-01
2.829524e-01
3.664881e-01
2.940467e-01
3.101122e-01
3.419794e-01
2.947173e-01
2.916739e-01
2.943810e-01
3.213786e-01
3.010978e-01
3.112000e-01
3.443734e-01
2.946891e-01
2.863357e-01
3.032239e-01
3.053376e-01
3.002508e-01
3.176148e-01
3.530114e-01
2.959843e-01
2.966506e-01
3.045571e-01
3.214244e-01
3.007281e-01
3.180395e-01
3.583272e-01
2.949303e-01
2.937748e-01
3.129912e-01
3.082728e-01
3.133087e-01
3.204361e-01
3.647315e-01
2.920978e-01
3.039200e-01
3.128344e-01
3.011460e-01
3.464425e-01
3.511882e-01
3.823464e-01
3.306122e-01
3.242978e-01
3.252230e-01
3.377788e-01
3.127508e-01
3.330094e-01
3.618974e-01
3.059509e-01
2.965672e-01
3.034080e-01
3.194726e-01
2.906083e-01
3.039877e-01
3.337218e-01
2.819796e-01
2.852660e-01
2.702782e-01
2.854080e-01
2.893907e-01
3.165544e-01
3.475558e-01
2.850354e-01
2.873811e-01
2.899272e-01
2.970907e-01
2.797127e-01
3.133338e-01
3.394178e-01
2.844937e-01
2.848202e-01
2.803318e-01
2.897482e-01
2.873736e-01
3.044499e-01
3.405960e-01
2.846338e-01
2.880697e-01
2.888894e-01
3.000795e-01
2.833203e-01
3.045269e-01
3.399421e-01
2.884600e-01
2.859180e-01
3.052527e-01
3.089196e-01
3.114866e-01
3.160008e-01
3.261164e-01
3.499218e-01
2.924049e-01
2.994393e-01
3.086315e-01
2.897519e-01
3.175044e-01
3.528808e-01
2.935607e-01
3.017326e-01
3.155642e-01
3.303359e-01
3.134353e-01
3.243757e-01
3.562250e-01
3.006463e-01
3.010923e-01
3.039007e-01
3.204676e-01
3.028456e-01
3.246033e-01
3.676468e-01
2.984450e-01
3.028475e-01
3.129469e-01
3.074327e-01
3.066641e-01
3.246779e-01
3.551497e-01
3.044439e-01
3.026222e-01
2.993167e-01
3.096170e-01
3.017727e-01
3.145582e-01
3.528462e-01
2.819953e-01
2.883309e-01
3.074726e-01
3.175283e-01
3.283890e-01
3.189447e-01
3.546323e-01
3.109198e-01
3.029794e-01
3.133814e-01
3.261023e-01
3.165842e-01
3.262690e-01
3.626419e-01
3.231040e-01
3.118223e-01
3.218728e-01
3.270739e-01
3.190448e-01
3.334735e-01
3.623071e-01
3.031083e-01
3.062721e-01
3.013980e-01
3.024011e-01
3.134034e-01
3.278743e-01
3.365051e-01
2.987218e-01
3.114953e-01
3.099509e-01
3.255740e-01
3.211640e-01
3.375897e-01
3.545630e-01
3.058250e-01
3.050620e-01
3.031576e-01
3.218335e-01
3.070388e-01
3.329659e-01
3.539412e-01
3.061431e-01
3.085518e-01
3.094920e-01
3.359264e-01
3.110097e-01
3.256984e-01
3.372291e-01
3.127031e-01
3.058718e-01
3.129611e-01
3.339369e-01
3.105986e-01
3.353192e-01
3.615896e-01
3.088176e-01
3.093293e-01
3.083338e-01
3.206541e-01
3.270474e-01
3.501204e-01
3.536765e-01
3.743183e-01
3.228356e-01
3.304910e-01
3.415763e-01
3.221175e-01
3.427446e-01
3.691571e-01
3.186405e-01
3.119094e-01
3.188000e-01
3.340872e-01
3.334001e-01
3.524173e-01
3.857676e-01
3.310388e-01
3.235309e-01
3.376569e-01
3.421424e-01
3.321735e-01
3.402362e-01
3.782026e-01
3.158084e-01
3.144540e-01
3.277659e-01
3.309978e-01
3.258347e-01
3.382518e-01
3.586106e-01
3.074099e-01
3.067045e-01
3.215680e-01
3.339111e-01
3.413496e-01
3.292160e-01
3.322533e-01
3.678713e-01
3.054797e-01
3.067660e-01
3.147654e-01
3.058961e-01
3.223469e-01
3.705435e-01
3.126493e-01
3.150894e-01
3.164258e-01
3.415954e-01
3.298339e-01
3.305916e-01
3.850234e-01
3.201123e-01
3.262082e-01
3.306147e-01
3.334235e-01
3.242859e-01
3.434136e-01
3.701501e-01
3.175440e-01
3.139952e-01
3.177551e-01
3.245507e-01
3.135066e-01
3.202234e-01
3.468353e-01
2.978169e-01
2.902173e-01
2.930670e-01
2.974604e-01
2.797179e-01
2.856794e-01
3.469801e-01
2.977144e-01
2.937360e-01
2.987077e-01
2.975984e-01
3.058902e-01
3.256732e-01
3.547060e-01
2.996506e-01
2.998495e-01
3.016563e-01
3.111928e-01
3.040173e-01
3.164169e-01
3.459126e-01
2.944495e-01
2.927773e-01
2.985624e-01
3.073986e-01
2.994254e-01
2.983315e-01
3.063865e-01
2.936898e-01
2.848678e-01
2.773325e-01
2.863260e-01
2.632961e-01
2.556716e-01
2.889863e-01
3.206322e-01
2.822406e-01
2.849981e-01
2.925251e-01
2.832609e-01
3.107741e-01
3.374689e-01
2.781786e-01
2.815158e-01
2.856539e-01
2.952168e-01
2.710302e-01
3.059339e-01
3.366253e-01
2.748713e-01
2.815965e-01
2.878288e-01
2.894219e-01
2.965767e-01
3.140933e-01
3.495296e-01
2.896666e-01
2.945941e-01
2.945302e-01
3.068524e-01
2.944807e-01
3.027900e-01
3.234912e-01
2.922857e-01
2.861193e-01
2.980765e-01
3.080011e-01
2.845486e-01
3.233113e-01
3.152358e-01
3.374568e-01
2.905570e-01
2.862665e-01
2.927365e-01
3.055411e-01
3.172798e-01
3.304665e-01
2.915213e-01
3.015379e-01
3.045990e-01
3.062828e-01
3.181843e-01
3.147943e-01
3.174401e-01
3.415939e-01
2.830182e-01
2.898032e-01
2.988986e-01
2.988493e-01
3.259267e-01
3.621103e-01
2.902227e-01
3.050773e-01
3.002735e-01
3.140253e-01
3.029629e-01
3.089211e-01
3.546525e-01
2.977463e-01
2.927550e-01
3.012350e-01
3.145934e-01
2.965757e-01
3.227704e-01
3.453745e-01
2.924642e-01
2.939511e-01
3.012821e-01
3.008109e-01
3.007332e-01
3.244005e-01
3.527296e-01
3.063109e-01
2.928842e-01
3.010671e-01
3.739656e-01
2.697892e-01
3.136650e-01
3.292298e-01
2.780456e-01
2.845169e-01
2.903922e-01
2.982808e-01
2.898184e-01
3.149504e-01
3.451632e-01
2.901413e-01
2.941232e-01
2.955391e-01
3.093513e-01
2.987096e-01
2.799335e-01
3.522933e-01
3.028784e-01
3.010793e-01
3.086680e-01
3.103861e-01
3.031365e-01
3.147588e-01
3.532419e-01
2.979598e-01
2.893977e-01
2.997106e-01
3.079207e-01
2.892295e-01
3.129787e-01
3.169790e-01
3.367527e-01
2.896967e-01
2.936613e-01
2.873100e-01
2.978114e-01
2.962832e-01
3.015320e-01
3.189606e-01
2.709103e-01
2.858480e-01
2.774853e-01
2.807463e-01
3.083795e-01
3.383987e-01
2.867601e-01
2.915060e-01
3.009694e-01
3.063599e-01
2.978472e-01
3.023183e-01
3.269195e-01
2.869377e-01
2.784654e-01
2.937427e-01
2.895794e-01
2.883375e-01
3.113410e-01
3.404469e-01
2.840613e-01
2.850285e-01
2.911795e-01
3.010127e-01
2.840396e-01
2.562809e-01
3.252105e-01
2.682918e-01
2.727663e-01
2.704192e-01
2.759333e-01
2.740429e-01
2.959570e-01
3.408580e-01
2.836366e-01
2.853870e-01
2.835404e-01
2.860482e-01
2.852229e-01
2.997996e-01
3.320391e-01
2.784497e-01
2.822402e-01
2.860645e-01
2.796977e-01
3.015673e-01
2.829828e-01
3.026248e-01
3.393714e-01
2.771288e-01
2.831939e-01
2.931577e-01
2.802819e-01
3.135543e-01
3.528072e-01
2.906537e-01
2.960385e-01
3.097815e-01
3.154709e-01
3.043621e-01
3.276949e-01
3.583003e-01
3.015960e-01
2.954300e-01
3.093381e-01
3.136069e-01
2.936658e-01
3.256612e-01
3.517591e-01
3.003219e-01
3.013772e-01
3.114267e-01
3.169484e-01
3.050267e-01
3.214628e-01
3.429694e-01
3.045718e-01
3.015994e-01
3.095030e-01
3.215730e-01
3.125682e-01
3.282246e-01
3.459589e-01
3.147165e-01
3.045736e-01
3.054815e-01
3.136345e-01
3.044582e-01
2.944007e-01
3.612029e-01
3.102998e-01
3.078892e-01
3.124909e-01
3.232007e-01
3.096065e-01
3.083181e-01
3.535456e-01
2.997929e-01
2.937117e-01
3.010835e-01
3.158894e-01
3.018780e-01
3.057897e-01
3.422714e-01
2.887650e-01
2.897646e-01
2.896446e-01
3.031849e-01
2.955379e-01
3.043061e-01
3.486886e-01
2.924736e-01
2.952583e-01
3.001381e-01
3.107146e-01
2.992640e-01
3.192609e-01
3.432351e-01
3.241410e-01
3.072883e-01
3.055815e-01
3.324951e-01
3.215013e-01
3.259454e-01
3.588262e-01
3.029681e-01
3.034088e-01
3.070951e-01
3.100594e-01
3.044729e-01
3.271156e-01
3.504956e-01
3.022331e-01
2.966234e-01
3.009151e-01
3.016311e-01
3.052515e-01
3.269016e-01
3.351275e-01
3.098004e-01
3.103902e-01
3.185589e-01
3.286845e-01
3.268030e-01
3.444324e-01
3.374956e-01
3.731619e-01
3.134936e-01
3.112418e-01
3.264431e-01
3.071193e-01
3.063833e-01
3.493886e-01
3.066630e-01
2.997015e-01
3.103282e-01
3.112682e-01
3.058579e-01
3.373826e-01
3.735932e-01
3.138606e-01
3.227398e-01
3.291781e-01
3.389587e-01
3.408876e-01
3.877759e-01
4.374728e-01
3.521735e-01
4.053968e-01
3.970776e-01
3.697150e-01
7.209846e-01
4.151906e-01
3.991080e-01
4.660273e-01
2.983295e-01
3.015142e-01
3.169627e-01
3.060065e-01
3.724087e-01
3.692259e-01
3.119747e-01
3.525143e-01
3.071652e-01
3.096436e-01
3.064723e-01
3.303053e-01
3.664555e-01
2.956223e-01
3.089857e-01
3.104307e-01
3.150305e-01
3.112802e-01
3.106403e-01
3.638936e-01
3.023813e-01
3.051890e-01
3.132793e-01
3.289096e-01
3.117422e-01
3.300357e-01
3.601962e-01
3.047651e-01
3.017100e-01
3.082952e-01
3.118640e-01
2.993012e-01
3.020708e-01
3.305199e-01
2.799385e-01
2.686277e-01
2.750117e-01
3.226767e-01
3.163106e-01
3.228272e-01
3.533475e-01
3.040253e-01
2.902002e-01
2.996946e-01
3.121821e-01
2.810631e-01
2.974044e-01
3.274232e-01
2.639101e-01
2.781726e-01
2.668908e-01
2.774560e-01
2.850526e-01
2.999273e-01
3.414373e-01
2.819147e-01
2.815463e-01
2.905574e-01
2.993583e-01
2.946111e-01
3.167698e-01
3.486924e-01
2.923664e-01
2.947551e-01
2.977939e-01
3.004864e-01
2.897264e-01
3.032044e-01
3.147697e-01
3.422179e-01
2.822269e-01
2.869068e-01
2.947874e-01
2.796501e-01
3.006714e-01
3.306576e-01
2.776634e-01
2.777942e-01
2.799472e-01
2.884039e-01
2.722627e-01
2.865598e-01
3.088126e-01
2.734436e-01
2.779020e-01
2.800629e-01
2.929965e-01
2.928430e-01
3.023165e-01
3.245104e-01
2.916292e-01
2.849486e-01
2.839916e-01
2.994667e-01
2.880236e-01
2.997751e-01
3.374270e-01
2.824645e-01
2.800793e-01
2.950380e-01
2.892808e-01
3.000512e-01
2.990341e-01
3.135407e-01
3.339714e-01
2.896597e-01
2.864946e-01
2.962539e-01
2.867004e-01
3.011169e-01
3.336108e-01
2.800685e-01
2.807946e-01
2.844980e-01
2.892546e-01
2.936164e-01
3.098699e-01
3.409511e-01
2.919064e-01
2.918532e-01
2.951963e-01
3.060426e-01
3.005966e-01
3.228912e-01
3.604333e-01
3.033937e-01
3.047522e-01
3.111971e-01
3.045850e-01
3.098509e-01
3.049435e-01
3.411679e-01
2.918494e-01
2.880013e-01
2.943000e-01
2.932202e-01
3.056829e-01
3.207242e-01
3.328151e-01
2.894555e-01
2.833065e-01
2.709783e-01
2.853881e-01
2.813860e-01
2.892146e-01
3.097406e-01
2.735853e-01
2.740509e-01
2.856172e-01
3.400291e-01
2.782770e-01
3.017865e-01
3.416615e-01
2.830151e-01
2.807099e-01
2.999040e-01
2.878585e-01
3.098259e-01
3.315286e-01
3.134271e-01
3.167205e-01
2.952530e-01
2.889153e-01
3.053261e-01
2.970364e-01
3.107170e-01
3.252849e-01
2.990140e-01
2.968902e-01
3.025202e-01
3.160052e-01
3.012564e-01
3.052822e-01
3.426504e-01
2.964048e-01
2.915397e-01
2.970831e-01
3.008642e-01
3.068475e-01
3.079241e-01
3.056478e-01
3.490897e-01
2.938070e-01
2.868627e-01
3.049846e-01
3.007951e-01
3.788366e-01
5.178216e-01
